19.40923500061035,19.623348236083984
19.412900924682617,17.453828811645508
19.514423370361328,15.47031307220459
19.424169540405273,13.495366096496582
19.462432861328125,11.526594161987305
19.513235092163086,9.5277738571167
19.46551513671875,7.488611698150635
19.445674896240234,5.400851726531982
19.40317726135254,3.5682008266448975
19.46689224243164,1.5583760738372803
17.416698455810547,19.40993309020996
17.44963836669922,17.570993423461914
17.572975158691406,15.507148742675781
17.3443660736084,13.50404167175293
17.39456558227539,11.52499008178711
17.611501693725586,9.391534805297852
17.523372650146484,7.605315685272217
17.49620246887207,5.413465976715088
17.376054763793945,3.3673582077026367
17.419614791870117,1.4763870239257812
15.449834823608398,19.480880737304688
15.441895484924316,17.379783630371094
15.418516159057617,15.473885536193848
15.46450138092041,13.520984649658203
15.557489395141602,11.363300323486328
15.484675407409668,9.471062660217285
15.53711986541748,7.573047637939453
15.553864479064941,5.332949638366699
15.628911018371582,3.4861249923706055
15.53925895690918,1.6402899026870728
13.374218940734863,19.46660041809082
13.418671607971191,17.355541229248047
13.479995727539062,15.518415451049805
13.520405769348145,13.588340759277344
13.337475776672363,11.653971672058105
13.645880699157715,9.550298690795898
13.521023750305176,7.515709400177002
13.472540855407715,5.588864803314209
13.657994270324707,3.487349271774292
13.378915786743164,1.6079696416854858
11.58585262298584,19.55748748779297
11.517285346984863,17.46084976196289
11.565788269042969,15.49226188659668
11.61225700378418,13.431678771972656
11.415724754333496,11.202045440673828
11.31461238861084,9.53255558013916
11.471061706542969,7.533708095550537
11.456250190734863,5.399921894073486
11.664278030395508,3.595907688140869
11.684651374816895,1.4456020593643188
9.541668891906738,19.490758895874023
9.561102867126465,17.418027877807617
9.526060104370117,15.517701148986816
9.559452056884766,13.542182922363281
9.51261043548584,11.516494750976562
9.435338973999023,9.562784194946289
9.607193946838379,7.499760627746582
9.567911148071289,5.49956750869751
9.424771308898926,3.451007604598999
9.434523582458496,1.595942497253418
7.471771240234375,19.510787963867188
7.592245101928711,17.56000518798828
7.417150020599365,15.421833038330078
7.493602275848389,13.54000473022461
7.418537139892578,11.56300163269043
7.4734649658203125,9.527236938476562
7.4966230392456055,7.496235370635986
7.55199670791626,5.516385078430176
7.404644966125488,3.3238277435302734
7.514045715332031,1.4426580667495728
5.494007587432861,19.395288467407227
5.700704097747803,17.559181213378906
5.4663519859313965,15.380403518676758
5.343380451202393,13.337906837463379
5.575715065002441,11.477805137634277
5.2346038818359375,9.627355575561523
5.386919975280762,7.57992696762085
5.536713600158691,5.604098320007324
5.310175895690918,3.585689067840576
5.604267597198486,1.3678220510482788
3.5354220867156982,19.433643341064453
3.508427381515503,17.57345962524414
3.421152353286743,15.705741882324219
3.5612852573394775,13.45544719696045
3.646972417831421,11.513938903808594
3.614243745803833,9.533587455749512
3.7242109775543213,7.635447978973389
3.425555467605591,5.552759647369385
3.293205976486206,3.6027514934539795
3.529538154602051,1.4603863954544067
1.5857068300247192,19.479183197021484
1.6681393384933472,17.34512710571289
1.4605135917663574,15.551192283630371
1.421426773071289,13.65385913848877
1.4109869003295898,11.528621673583984
1.5343501567840576,9.427621841430664
1.4145069122314453,7.462231159210205
1.617007851600647,5.406260967254639
1.532842755317688,3.4350109100341797
1.371380090713501,1.383841872215271
